2000
11179 2051
14730 707
27491 38544
8656 3529
39563 24158
25712 834
20792 16
27273 38630
27196 1340
34363 33917
17574 148
6502 34758
39629 16166
29960 2657
31457 3607
9811 2790
17749 128
30140 37238
10107 37381
36801 30850
10825 2229
27076 1294
9531 2959
20632 39990
32051 4039
16143 376
30876 3216
27942 38355
16601 39709
27097 38698
39725 23305
21270 41
2167 29054
37742 29231
7893 4081
23977 39600
12012 1665
10102 2622
17726 130
7670 35747
513 24500
9096 3234
28897 37912
22122 113
21211 37
3707 8401
27700 38458
7694 4235
17356 176
30654 3074
38853 26675
10258 2534
34955 33279
567 15272
39787 17089
38617 27308
18318 71
26655 1140
17452 39837
4428 32550
28103 38285
35878 32160
7606 4304
24626 39457
1868 11561
22624 39827
36614 8866
6342 34610
17112 210
24873 39397
5749 5968
34326 33955
16829 39747
22877 39791
37983 28752
870 25834
37545 29600
325 16410
7287 35439
38232 11779
19875 39999
8019 3986
10430 2439
33551 5291
1563 12250
30046 2707
21269 41
26277 1011
13033 1253
12445 1482
7553 4346
8085 3937
35431 32723
14386 805
30217 37193
5304 6435
21179 39965
1837 28372
5178 33427
3836 31778
17014 225
3736 8361
7632 35717
36574 8807
29542 37576
30667 36917
38854 26672
33332 5092
33280 34954
36025 8034
15491 515
33260 34972
1204 26834
39696 16527
21361 39953
39767 23043
37797 10875
14221 854
21748 77
37948 11176
14595 745
13475 38905
202 17165
14498 772
28235 38225
23831 39629
37832 29056
20140 39999
999 13759
17842 39883
15107 608
34545 33727
23866 378
10402 37546
16150 39625
33752 5479
2052 11176
37426 29815
35536 32594
20093 39999
3064 30638
17019 39776
27586 38505
14613 39260
27241 38643
13145 38788
18170 39916
11992 1674
804 14387
21805 82
38999 26248
17967 39896
31402 36431
39704 23428
4421 32541
9254 36867
6162 5561
15425 39469
10725 2281
15970 39589
12228 38428
3100 9305
17927 108
6556 5193
19816 1
38582 27396
34077 5794
15195 586
27757 1566
18117 89
2050 11180
31740 36191
31546 3670
19516 39994
28845 37937
14128 39118
13885 39042
25828 39132
37380 29896
23311 276
37733 29248
11509 38108
794 25579
668 25125
1854 28409
31096 36639
39236 25475
27938 38357
18860 33
30379 2904
19168 39982
29630 2472
15762 39545
20073 1
15159 39405
37954 28812
37012 9484
11986 38324
34185 34099
20240 2
10055 2648
37699 10687
2420 29536
28858 2069
13374 38870
9729 37161
14541 39240
33641 34626
7034 35227
25205 39310
5516 6209
36810 9164
25733 840
32042 4032
4908 33123
30390 2911
34348 33933
17609 39856
13668 1029
36136 31816
5979 5738
39903 18033
23435 39702
27955 38349
22500 157
21220 39962
18328 39929
16826 39746
37603 29493
24327 39526
39247 14564
18222 80
22345 138
11134 2073
30670 3084
22033 39896
13196 1193
3867 31820
29947 37350
4988 33215
22587 169
8738 36527
19099 39979
25575 39207
11952 38309
22117 113
39113 25890
1466 12484
7283 35436
39206 25579
6742 34974
9434 3019
37167 30261
25209 691
33800 34476
27782 38423
13342 38859
9003 36705
8956 36674
1256 13025
33738 34535
19314 12
2039 28797
28476 38115
28024 1681
23383 39711
10824 37770
31851 3890
25662 39181
28142 1733
10338 2489
30004 2682
6442 34703
23887 39618
24654 550
12693 1383
13539 1073
10444 2431
21184 39964
18233 39921
9057 3260
25847 39126
27481 38548
13419 38886
32072 35945
17506 157
30535 3000
15946 416
19185 17
35883 7846
18568 39948
19332 12
7564 35663
30658 36923
5332 6405
340 16328
493 15587
9406 3037
36904 30689
8899 36636
15418 39468
38765 26919
20987 25
20526 39993
34497 6222
8113 3916
18704 39957
31249 36536
17642 39860
35733 32347
38893 26561
35027 33198
18069 39906
37492 10304
14908 660
3676 8445
343 16312
18007 100
3916 8113
29284 37714
928 26021
4321 7584
8687 36492
29139 2211
31230 3451
22071 108
21900 39909
13149 1211
3148 30770
34164 34120
12934 38710
33761 5487
37115 9653
1947 28607
17167 202
18389 65
32652 35489
28877 37922
7772 4174
4328 7575
21409 39950
26697 1155
30014 37312
16185 368
22717 39814
24104 39574
38048 11383
25791 857
1628 27903
37923 28875
34214 5931
34632 33634
9469 2998
26777 38816
30836 36810
38764 13079
26886 1223
7264 4580
34518 6244
36239 31674
29388 2341
12619 1412
12938 1289
37025 9505
35400 7240
13899 39046
4152 32200
35429 32725
16804 258
3641 31505
8382 3721
25018 39360
31990 3993
2046 28812
22320 136
16041 396
21399 39951
25643 813
15922 421
15350 39451
25575 793
18463 39940
11703 1803
8824 3414
25707 39168
25714 39166
26539 1100
26291 38984
6678 5083
9946 2711
35957 7943
8945 3334
2612 29882
29732 37472
939 13944
39276 25332
4922 33139
20831 39982
37215 30180
13483 38908
12852 38679
19865 39999
7058 4752
36404 31441
26531 1097
30491 37027
13586 1057
18932 29
22515 39841
12069 1640
37555 29582
37939 11158
31833 3877
30840 36807
36657 8931
18698 39957
540 24616
13590 1056
27318 38613
19807 1
32756 35404
23830 39629
28992 37864
605 15118
16219 361
20463 6
30960 3271
31099 36637
30328 2874
18954 28
21629 67
24386 487
16694 276
15010 39367
322 23574
31572 3688
32183 4139
30742 3130
11584 38143
19193 39983
4462 7408
3345 31072
1970 28655
9143 3204
30051 37290
36263 8359
19350 11
21090 30
14866 671
12869 38685
34698 6437
17398 39830
17268 188
12627 38591
26396 1051
10553 37628
13606 38950
9773 37187
7025 4780
13082 38765
6269 5459
14481 39223
32668 4524
29975 37334
34230 34053
16537 39697
34699 6438
13607 38950
6092 34372
11511 38109
34087 34197
21162 34
35638 32468
29430 2363
18191 82
14550 39243
39876 22223
5945 34228
54 21468
22834 202
39585 15947
16009 403
20202 39998
27149 1322
2362 10572
30046 2707
10942 2169
8125 3908
28172 1746
32623 35513
3158 30786
35809 7750
37391 29876
23620 39669
35605 32509
2084 11111
1356 27238
21907 39908
6711 34946
35597 7481
35408 32751
31509 36356
28870 37925
39173 25691
34444 6167
10285 2519
5241 33497
29744 37465
10958 2161
1095 13474
29043 2162
768 14511
15594 492
25473 39236
5353 33618
27148 1321
187 22728
19800 2
15405 39464
12659 1396
23316 277
13974 39070
23381 39712
39867 17698
38344 12032
32584 4456
5714 33996
2551 10226
23972 399
38580 27401
22882 209
626 15036
17279 186
39446 24674
33706 5435
17562 39850
9276 3119
35873 32167
12143 38392
312 16482
22944 218
12926 38707
6590 5162
21726 39925
13791 989
13722 38989
21676 39929
5479 33752
32892 4710
15599 39509
2557 29784
13489 38910
12435 1486
8788 36561
1718 28109
15841 438
13776 994
37583 10470
8269 3802
23210 260
17976 39897
4019 32025
39736 16762
21780 39920
18854 39967
34034 5751
16367 39667
30667 3083
18533 39946
6152 5570
17921 109
1840 28379
5484 33758
2647 10057
2970 30487
2546 29765
35076 6858
3216 9124
30692 36902
228 23011
12624 1410
21154 34
25171 39319
9951 2708
18930 39971
2024 28767
2193 10895
4318 7588
18335 70
4829 33032
38542 12504
25899 39110
29267 2277
25683 825
23796 39636
22146 116
37281 30068
23984 401
34628 33638
2821 9759
10614 2340
31086 3354
11599 1850
39913 18137
18225 39921
21469 39945
18455 39940
30062 37284
10347 37516
26416 38942
3926 8100
19483 7
21532 59
10176 37420
26022 39071
11382 1953
36197 8268
28644 1965
18829 39965
15884 39571
36670 8950
30532 37002
21807 82
22453 152
33742 5469
21034 27
31585 36302
14810 39314
39708 16595
28006 38327
36262 8358
28362 38168
23916 388
30633 36939
32199 4152
10118 2612
10816 2234
10605 37655
23319 39722
1112 26575
502 24452
5783 5934
2901 9626
1327 12837
31765 3827
6375 5359
37883 28955
37117 30344
27635 1515
13610 38951
15649 39520
31124 3380
23430 297
20903 21
13337 38857
34707 6447
17301 39817
37532 10376
9627 37099
22857 39794
3284 30980
34811 33440
19043 23
11625 38162
26840 1207
14756 700
8745 3468
18040 97
22905 213
1264 13003
37835 10950
22530 161
36440 8611
33778 5503
19141 19
13848 39030
25471 763
3464 8751
23526 39686
36492 31314
6643 34885
11881 1723
6678 5083
625 15040
23261 39732
12152 38395
38407 12179
14498 772
15842 437
12639 1404
34446 6169
39374 15036
35157 6952
3110 30711
30743 3131
26947 38754
37782 29154
3416 31179
262 16774
19265 14
24142 434
34657 6393
12276 38448
11153 37936
39058 26065
12862 38682
14169 39131
15132 39398
34799 6547
5152 6601
35726 7644
8844 3401
36619 31126
8419 3695
15937 418
4972 6804
10814 2235
10492 2405
12289 1547
3662 8465
35263 32924
13816 39019
32564 35561
27446 1438
12476 1470
21615 39934
9136 3208
38663 12811
5142 33388
26572 38889
35771 7701
19380 39990
34173 34111
1996 28709
26917 38765
13817 39020
19257 14
15496 514
39508 15592
13264 1169
21896 39909
25151 39325
17257 39811
3508 31314
30962 3272
38184 28327
37452 29768
14751 39298
10737 2275
32133 35899
20257 39998
14034 911
11463 38086
38523 12457
20505 39993
159 22516
22389 144
29036 2158
21996 100
21109 39969
7317 35464
4187 7755
34296 33986
33970 5688
2649 10054
4492 32629
12030 1657
7357 35496
37933 28854
4141 7815
36682 31032
26330 1029
38912 26506
7172 35344
890 14101
39820 17323
33070 4862
26138 966
35245 7055
10548 2375
17677 39864
23286 272
37584 29529
27451 1440
10340 37512
14221 39146
24793 583
20599 39991
2045 28810
14084 896
27097 38698
38620 12700
12707 1378
26221 39007
4862 6930
8621 36447
9216 36843
33354 5112
27890 38377
18610 39951
5985 5732
31258 3470
37214 9818
2416 29529
27995 1668
24925 616
29401 2348
27116 1309
16341 39662
27242 1358
23339 281
22950 219
36284 31611
20161 39999
9544 2951
35749 7673
27793 38419
38372 12097
1950 11387
1853 11593
18592 50
15470 39480
32211 35839
5534 6190
39710 16607
32635 35503
6491 34748
18920 39970
23525 39686
9796 37201
24768 577
4411 32529
4313 32406
39308 14785
2629 10088
19608 4
21293 42
2121 11037
35561 32564
4731 32917
4174 7772
26456 38929
25758 39153
12541 38557
1206 26839
28971 37875
11410 38061
763 14529
29719 2521
18436 39938
38502 12406
27006 38732
29178 37769
1905 11482
15112 607
6186 34462
36723 9030
13389 1125
28207 1762
30451 37052
25222 694
25026 39358
2940 9562
11597 38149
3813 8254
20751 15
24448 39499
5993 5725
20954 23
32473 35634
2146 10987
22003 39899
29968 37338
18742 40
36526 8736
29909 37372
17091 39787
25925 39102
8456 36332
14329 39179
32019 4015
31874 36093
30970 3277
29143 37787
952 26097
32100 4076
3573 8592
14912 39341
2146 29013
8446 3676
29033 2157
18801 36
3957 8058
20256 39998
12678 38611
17003 226
25385 39261
18049 96
4196 7744
19655 39997
39128 25841
19689 3
1927 28565
18267 76
17121 39791
9060 3258
19666 39997
15639 482
38588 12619
37234 9852
15954 414
18284 74
20589 9
6147 34425
5878 34162
31352 3534
31062 36662
14766 698
35368 32799
16048 395
24378 486
27766 1570
17993 39899
9557 37057
39378 24949
26698 38845
34256 34027
7465 35584
19928 1
3662 31535
13396 1122
8681 3512
17962 105
37482 29714
37680 29349
22858 39794
19030 39976
12371 38487
29202 37757
316 16459
30345 37116
19110 39980
19179 39983
4463 7407
31328 3518
38716 12950
39751 23146
26717 1162
26658 38859
28613 38050
38271 11866
3929 8096
1815 11675
11309 1988
14109 39112
38303 28062
21133 33
5561 33838
17947 106
19820 1
28339 38178
52 21441
13571 1062
11157 2062
29605 37542
9562 2940
2176 10928
35114 6902
19096 39979
13637 1040
9156 3196
24528 39480
7010 4793
17764 39874
13404 1119
14702 39285
30135 37241
37042 30467
19110 20
18325 71
24886 39393
2354 29413
30054 37289
22892 211
2858 9697
29037 2159
6407 5330
30626 3057
8871 3383
8058 36043
4024 32031
20903 21
21517 58
39680 16437
16246 39644
35169 33034
36206 31720
29640 37523
38190 11686
24369 39516
10715 2286
7818 4139
33553 34707
18859 39967
33233 5004
9406 36963
3903 8131
20838 18
32908 35276
38586 27386
480 15645
19262 39986
32896 35287
34698 6437
38492 12382
7273 4572
25904 39108
911 14033
33908 5628
2112 11055
32240 4183
15398 39463
2762 9859
27550 1480
20360 4
5006 6765
2942 9559
18803 36
9912 2731
1428 27421
18495 57
9959 37296
37287 30057
39875 17768
26415 1057
3896 31860
23661 39662
20247 39998
5948 5769
4705 32886
25546 785
10809 2237
10385 2463
12614 38586
27836 1599
34356 33924
21357 47
21407 50
39351 25053
16891 244
25637 811
18346 39931
10889 37804
18793 37
34433 33845
26597 38880
15767 39546
28491 1892
5185 6565
30144 2764
12873 1313
38635 12738
25864 879
21221 39962
32210 4160
4769 32962
1766 11783
10224 2553
22943 39782
6499 5245
4813 33013
38141 28420
3947 8071
11172 37946
5346 6389
31467 36386
36855 9234
41 21279
26423 1060
19631 39996
21599 39935
16939 236
617 15071
34916 6677
34466 33810
19454 8
9311 3096
14880 39333
8637 36458
12597 38579
24497 39487
27279 38628
37237 9857
24974 39371
33070 35138
17490 159
18882 39968
7461 35581
23630 333
38431 12235
5727 5990
14372 809
35772 32298
2980 30503
14010 919
27135 38683
31889 3918
38906 13476
17100 212
20461 39994
31464 3612
6280 34552
1046 26383
31015 36693
27871 1614
17405 39830
2620 10104
28592 38060
7669 35746
39235 25478
9867 37243
29783 2557
32401 4309
18294 39927
5151 33398
14154 874
22889 39790
8103 3924
30702 36895
2911 30390
6030 34312
19100 21
36662 8938
20077 1
24099 39575
31060 36663
31633 36268
16161 39628
26536 1099
8017 36012
15721 464
34329 33952
24253 458
35690 32402
16089 39613
19081 39978
26423 38940
21401 39950
24998 635
27417 1427
39782 22944
36497 31307
357 23761
2512 10296
10422 2443
21274 39959
8766 3454
29888 2616
28091 38290
12396 1502
31069 36657
36082 8111
32990 35207
12819 38666
30397 37085
9826 2782
25065 39348
24215 450
2714 30059
25708 39168
15811 444
1887 28480
9866 37242
30356 2890
2563 10205
12198 38415
35129 33081
31097 3361
5296 33557
32490 35620
21251 39960
7141 4682
5921 34204
33504 5248
11004 2138
23244 265
30082 2728
24305 39531
30228 2814
25885 886
11452 1919
19703 39997
33380 34865
1934 28580
38532 12480
10174 2581
31579 36307
19828 1
23946 39606
14282 835
3151 30775
33240 5010
36237 31677
13601 1052
26683 38850
7251 4591
14168 39130
10140 37400
36562 31211
7025 4780
23514 39688
6257 5470
1025 26320
8975 36686
16361 334
27090 1299
2707 30047
34440 33837
12905 1301
25474 39236
21687 39928
5857 5859
25745 843
29362 2327
21035 39973
5427 33697
6681 34919
11750 1781
14857 673
16295 39653
16014 402
3096 9311
38845 13302
26216 991
14338 39181
6246 34519
23321 278
13727 1010
36841 30787
33850 34428
8787 3439
16824 254
30100 2738
28288 38201
23969 398
4129 7830
31376 36449
24092 424
26364 38960
28561 1925
10415 37553
32866 4688
25291 39287
23514 39688
13742 1005
10708 2290
27431 1432
1523 27655
11460 1915
28133 1729
4879 33090
15439 39472
6543 34795
2495 29673
5691 33973
2097 28915
6637 34880
32907 4723
6928 4864
28494 1894
18356 39932
17665 137
30203 37201
20457 6
24077 39580
34170 34114
39732 23263
13814 981
21238 39
1346 27213
22875 39792
8068 3950
4134 32176
24567 39471
13188 38804
22569 166
8218 36161
23077 39761
15967 411
35183 6982
16892 243
39909 18095
36295 8404
3469 31257
10806 2239
34313 33969
9590 37077
8345 36253
39658 23682
36670 8950
34652 6387
264 23238
36486 8677
25922 39103
29209 37753
27884 1620
14469 781
9488 37014
7962 35971
29242 2264
6220 34495
25687 826
23137 39752
25422 39251
25587 39203
28664 1975
7527 4366
36730 9041
11946 1694
15805 39555
41 21279
1367 27267
37000 30535
37665 29378
33752 34521
16597 39708
14077 898
10386 2463
6440 34701
22420 39853
29924 37364
10621 37664
13643 38962
7746 35806
19005 39975
12955 38718
24202 447
19066 39978
20300 3
29827 37419
18308 39928
11623 1839
16598 292
13952 39063
28049 38308
23083 39760
36297 8407
3241 9086
456 15754
29711 2516
37699 29313
28228 38229
3053 9380
5037 6730
15809 39555
21986 99
11899 38285
21033 27
11629 38163
12551 1439
2138 11003
31783 3840
23958 39604
37847 10974
21048 28
19652 4
23686 39657
23102 39757
3581 31420
23964 39603
30592 36964
20775 16
10418 37555
12168 38402
12643 1403
12976 1274
8509 36369
33513 34744
7786 35837
36386 31467
34124 34160
15221 580
28251 38218
29682 2500
18400 65
1153 13308
27341 38604
3457 31239
35384 32780
32990 4793
8736 36526
12643 1403
12585 38574
33895 34385
38284 11895
11432 1929
24016 39592
14693 717
38302 11936
30697 36898
5745 5972
2539 29752
4370 7522
37917 11113
13940 941
12088 1632
4629 7205
39595 15996
25416 748
19173 18
1580 27791
26184 39019
679 14833
16971 231
16375 332
39503 24430
9480 2991
34677 33586
35620 32490
2666 29976
18856 39967
38677 12847
20671 12
32499 35613
23677 341
36217 8295
19426 39991
34463 6187
39695 23479
21580 39937
20627 10
20078 1
39092 14043
4751 32940
30656 36924
26839 38794
28524 38092
2595 10148
12831 1330
646 14958
29667 2492
32523 4406
9200 3167
720 14682
2270 10746
28672 1978
4844 6951
7026 35220
29693 37494
569 15264
14670 724
10197 2568
6963 35166
34305 6023
32707 4556
23954 39605
31313 3508
16211 363
3906 8127
20027 1
15234 39423
39024 26171
18435 39938
25579 39206
2021 28761
10563 2367
8475 3655
23127 39754
23817 39632
24898 39390
27520 1468
12964 38721
22163 118
16025 39601
32171 35870
38081 28548
31044 3326
14036 910
6433 5306
11589 1855
22437 39850
3790 8286
28513 1903
26638 38866
14353 39186
26086 39051
118 22169
28844 2062
1392 12670
1337 12811
38248 11815
11208 37963
27781 1576
35735 7655
9498 37020
11536 1880
2929 9580
9934 2718
6849 35068
32366 4282
19467 8
10209 37439
8971 3316
3385 8868
13800 986
2140 10999
2016 11250
26354 38963
9151 3199
26773 1182
3914 8116
22526 161
21109 39969
39301 14759
31174 36587
22573 39833
25676 39177
30231 2815
8177 36131
19005 25
29812 37427
29055 2168
18976 39973
21092 39970
4485 32620
30426 2933
21590 64
32287 4220
216 22931
2826 9751
24802 586
30144 37236
5124 33368
19740 2
7457 35577
28746 37986
25478 39235
33327 5088
20258 39998
23623 331
28739 37989
10594 37650
30061 37285
19173 18
29110 2196
32064 35951
26675 38853
18589 50
35579 32541
32950 4759
32158 35880
16274 39649
22472 39846
26827 1202
12613 1415
32767 4606
2494 10329
11805 38243
12485 1466
32165 4126
2279 10729
39199 14397
31358 3539
2045 28810
20435 5
4700 7120
3252 9069
35881 7843
8095 36070
2049 28818
38421 27788
17974 103
31956 36032
39210 14435
7647 35729
30867 3210
19836 39999
37038 9526
29041 2161
5272 6470
8711 36509
30454 2950
17335 179
12485 38534
15270 568
12114 38379
15683 39528
39317 25182
8957 36674
18586 39949
29956 37345
5509 33784
27518 1467
19015 39975
5539 33815
23655 39663
35050 6829
6301 34571
26629 1131
21628 67
2549 29770
10767 2259
18028 98
7494 35607
10951 37835
36333 8458
29446 2372
16944 235
16686 277
39186 14353
22294 39868
23207 39741
39721 23328
28954 37883
38980 26305
9475 37006
14105 889
12377 38490
34709 33551
3829 31768
21021 39973
19478 39993
11777 38231
36653 8925
24330 39525
12234 1570
16370 333
20561 8
28616 38048
35753 32322
37861 28999
32821 4651
19738 2
11940 1697
10603 2346
269 23269
7872 4097
15672 474
38232 28221
26739 38830
13060 1243
33467 5214
458 24255
2980 30503
33256 34975
4662 7165
22367 141
19081 22
34874 33370
25077 39344
6214 5511
19388 10
5836 34120
33192 4968
25720 836
19933 39999
31114 3373
18818 39965
22874 39792
8349 36255
30783 3156
34269 34014
7221 4616
6297 34568
562 24707
8031 36023
37669 29370
14384 805
34868 33376
939 13944
26777 1184
39588 24038
12355 1519
24844 596
7557 35657
5179 33428
23965 39603
23788 39638
22770 193
23137 248
23477 39695
17674 136
36722 9029
29081 2181
20550 8
8439 36320
29560 37567
19685 39997
16269 352
8727 3480
34073 5790
12604 1418
1197 13185
33058 4852
34984 33246
8892 3369
15919 421
11500 38103
10749 37731
37926 11132
34087 34197
25845 874
37855 10989
4828 6969
27969 38343
28276 38207
17614 143
20387 4
16497 310
2542 29757
25462 761
13480 1093
15812 39556
7629 4286
2756 9869
25993 920
12311 38462
23931 391
31070 3344
30246 2824
38193 28307
1923 11444
28993 37864
28913 37904
29509 37594
33331 5091
31423 3584
37442 10214
26707 38841
4808 6993
11368 1959
28980 37870
37677 29355
14100 891
4240 7687
1794 11722
3302 31008
28725 37996
14652 39271
9192 3172
25501 39228
27137 1317
25716 835
31945 3959
17777 39876
22405 146
30840 36807
13210 38812
18267 39924
8378 36276
8023 3983
15951 415
5284 6457
28365 38166
36655 8928
22861 206
15366 545
6300 34570
36811 9166
18782 38
3824 8239
20415 39995
11048 37884
35632 32475
7787 4162
19417 39991
28704 38006
39822 17338
11751 38219
21152 34
32694 35455
22179 39880
35623 32486
33783 5508
28806 37957
10369 2472
5271 33529
19460 8
17497 39842
3819 8246
5568 33846
20492 39993
28193 1756
31136 3388
35941 7922
8016 36011
16084 388
10034 2660
28416 38143
13175 1201
21421 39949
9749 37173
8169 3875
20784 16
31313 36492
35969 7959
36566 31205
25505 39227
24023 409
18248 39923
16715 39728
10517 2392
35765 32307
39935 18389
1514 27633
8691 36495
10005 2677
10588 2354
4192 32251
6257 34530
29250 37732
20905 21
31361 3541
8982 3309
9353 3070
20137 1
18562 39948
30836 3190
16303 39655
16018 401
28309 38192
5168 33416
5528 6196
37179 30241
30640 36934
18375 67
23686 343
18075 39907
26161 39027
26075 945
32968 4775
6408 5329
31593 3703
11782 1767
37888 28945
13044 38751
7821 4136
28071 38299
34587 33682
24438 39501
10439 2434
256 23189
22624 39827
17554 151
2796 9801
12561 38565
39276 14668
17291 185
11546 38125
36786 9127
16335 339
36399 8552
24693 559
23489 307
19404 39991
17907 110
32137 4104
35648 32455
29691 37495
20038 1
8722 36516
24839 39405
28313 1810
3639 8498
39783 17062
9907 37266
23086 240
22094 39890
29193 2238
18135 88
17825 39881
13753 1001
29909 2628
28919 2099
4141 32185
36852 30770
37020 30503
39938 18427
15737 460
26932 38760
3291 9009
15827 39559
5205 33457
36764 9093
37215 9820
39349 14939
23322 278
38769 13092
23556 319
25065 652
20851 39981
9943 37287
26396 38949
35508 7371
32832 35340
19275 39986
34683 6421
39854 17588
25382 39262
37669 10630
10278 2522
35094 33121
4993 33220
30371 2900
38502 12406
9706 2853
30325 37128
11885 38279
21181 39965
29825 37420
6508 5237
23397 291
32196 35851
7920 4061
21934 94
32697 35452
15525 508
33959 5678
27557 1483
36602 8848
25797 39141
29086 2184
18690 43
5876 5840
11332 1976
1792 28274
39298 14748
32653 35488
19692 3
26583 38885
8800 36569
357 23761
25725 39163
25158 39323
11363 1962
16128 379
22116 39887
30077 2725
7699 35769
5739 5978
12429 38511
10933 37826
9363 36936
31022 3312
26658 1141
23026 231
35547 32581
9785 37194
39271 14650
38530 12475
12382 38492
38241 28201
29759 2543
20174 1
14731 707
35923 32101
25679 824
37402 10143
10485 2409
33108 4895
8208 3847
25056 39350
27364 1406
20743 39986
182 22692
24539 39478
22211 39877
2859 30304
16649 39717
27495 1458
12787 38654
11500 38103
37912 11103
21973 98
32075 35943
4142 7813
5078 6684
1105 13445
25067 653
3615 8532
38102 28503
14274 838
8070 3948
523 15457
36338 8465
20787 39984
10497 37598
18169 39916
21585 39937
26049 937
39166 14285
19978 1
23630 39667
20232 39998
25097 39339
19412 9
28298 38197
39448 24666
32808 4640
32400 4308
